,Biomass,Substrate,Acetate,DOTm,Product,Volume,Feed
0.0,,,,,,0.01,0.0
0.13555555555555557,,,,96.8759351311459,,,0.0
0.15527777777777776,,,,95.50483241264298,,,0.0
0.175,,,,96.8454238856474,,,0.0
0.1947222222222222,,,,94.43489445063331,,,0.0
0.21444444444444444,,,,95.02539534538155,,,0.0
0.2338888888888889,,,,96.79306889551256,,,0.0
0.2536111111111111,,,,96.58366105135426,,,0.0
0.2733333333333333,,,,94.38568346253678,,,0.0
0.29305555555555557,,,,95.87202303669194,,,0.0
0.30194444444444446,,,,,,0.00998490277777777,0.0
0.3022222222222222,0.34106568239181817,2.9223784001939586,0.00552205231419226,,0.017559862170512495,,0.0
0.31277777777777777,,,,93.99013139111395,,,0.0
0.3322222222222222,,,,95.75468001840862,,,0.0
0.3461111111111111,,,,,,0.009782694444444436,0.0
0.35194444444444445,,,,93.69941539135615,,,0.0
0.37166666666666665,,,,94.99970797250373,,,0.0
0.3913888888888889,,,,95.55224505875343,,,0.0
0.4111111111111111,,,,92.99167013713218,,,0.0
0.43083333333333335,,,,94.4213655396617,,,0.0
0.4502777777777778,,,,93.28848497982435,,,0.0
0.47,,,,92.83384914584424,,,0.0
0.4897222222222222,,,,92.75154058948644,,,0.0
0.5094444444444445,,,,92.09002931989714,,,0.0
0.5291666666666667,,,,93.98940760919285,,,0.0
0.5488888888888889,,,,93.42665478867151,,,0.0
0.5686111111111111,,,,91.8365849307703,,,0.0
0.5708333333333333,,,,,,0.009886458333333318,0.0
0.5883333333333334,,,,93.94541333366733,,,0.0
0.6077777777777778,,,,93.63602761539747,,,0.0
0.6169444444444444,,,,,,0.009684152777777765,0.0
0.6275,,,,93.48719577392134,,,0.0
0.6472222222222223,,,,92.10829595755047,,,0.0
0.6669444444444445,,,,93.48852039275648,,,0.0
0.6866666666666666,,,,92.68815070901992,,,0.0
0.7063888888888888,,,,91.11923149290185,,,0.0
0.7258333333333333,,,,92.29149895297408,,,0.0
0.7455555555555555,,,,92.25796814707891,,,0.0
0.7652777777777777,,,,91.84449843564278,,,0.0
0.7813888888888889,,,,,,0.009790930555555542,0.0
0.785,,,,91.5435105563113,,,0.0
0.8047222222222222,,,,91.45559721564189,,,0.0
0.8244444444444444,,,,91.20735690174791,,,0.0
0.8438888888888889,,,,91.64888307181153,,,0.0
0.8636111111111111,,,,89.66830011364222,,,0.0
0.8833333333333333,,,,89.21779876752197,,,0.0
0.9030555555555555,,,,90.01094513746082,,,0.0
0.9227777777777778,,,,91.10689965656654,,,0.0
0.9425,,,,88.66527011614379,,,0.0
0.9591666666666666,,,,,,0.009897041666666651,0.0
0.9619444444444445,,,,90.57187029028059,,,0.0
0.9816666666666667,,,,89.5524301347337,,,0.0
1.0013888888888889,,,,88.51351214925555,,,0.0
1.021111111111111,,,,87.35477963475216,,,0.0
1.0408333333333333,,,,89.04084977186925,,,0.0
1.0605555555555555,,,,87.56044943930185,,,0.0
1.0802777777777777,,,,88.53527032717683,,,0.0
1.0997222222222223,,,,86.92973638794834,,,0.0
1.1194444444444445,,,,87.2557498884367,,,0.0
1.1391666666666667,,,,87.29039837354145,,,0.0
1.1588888888888889,,,,86.39235065031455,,,0.0
1.178611111111111,,,,85.25007785759013,,,0.0
1.1983333333333333,,,,85.46168266090949,,,0.0
1.2180555555555554,,,,86.40105812515363,,,0.0
1.2375,,,,84.6312636938618,,,0.0
1.2572222222222222,,,,85.64168177766031,,,0.0
1.2769444444444444,,,,86.14792192052298,,,0.0
1.2966666666666666,,,,85.3925081789065,,,0.0
1.3163888888888888,,,,85.17364190483222,,,0.0
1.336111111111111,,,,84.89975107322802,,,0.0
1.3555555555555556,,,,82.80416401140161,,,0.0
1.3752777777777778,,,,84.17119443472343,,,0.0
1.3866666666666667,,,,,,0.009923238180555538,0.0
1.395,,,,83.16799346730163,,,0.0
1.4144444444444444,,,,82.31042385658449,,,0.0
1.4341666666666666,,,,82.71037407542187,,,0.0
1.4538888888888888,,,,81.54897643864281,,,0.0
1.4736111111111112,,,,81.62526444057055,,,0.0
1.4933333333333334,,,,80.1570594959044,,,0.0
1.5130555555555556,,,,79.27786797044148,,,0.0
1.5325,,,,79.07932781571614,,,0.0
1.5522222222222222,,,,79.51339174636928,,,0.0
1.5719444444444444,,,,79.25706160930244,,,0.0
1.5916666666666666,,,,78.48365797126374,,,0.0
1.611388888888889,,,,78.34598596296456,,,0.0
1.6311111111111112,,,,78.42964573537442,,,0.0
1.6505555555555556,,,,78.24242321217585,,,0.0
1.6702777777777778,,,,77.07447438665123,,,0.0
1.69,,,,77.39395625011889,,,0.0
1.7097222222222221,,,,76.44457569337843,,,0.0
1.7294444444444443,,,,76.56154012395793,,,0.0
1.7491666666666668,,,,75.12470854132904,,,0.0
1.768888888888889,,,,74.95254202572005,,,0.0
1.7883333333333333,,,,73.44722967824885,,,0.0
1.8080555555555555,,,,73.82218694009907,,,0.0
1.8277777777777777,,,,73.76469240364624,,,0.0
1.8475,,,,73.06780324568426,,,0.0
1.8672222222222221,,,,72.84803040816963,,,0.0
1.8869444444444445,,,,71.1418148358755,,,0.0
1.906388888888889,,,,70.89315036104314,,,0.0
1.926111111111111,,,,70.7554501627148,,,0.0
1.9458333333333333,,,,71.33118752345551,,,0.0
1.9655555555555555,,,,70.4514271107077,,,0.0
1.985,,,,69.98967842797872,,,0.0
1.9858333333333333,,,,,,0.009905713833333312,0.0
2.004722222222222,,,,67.79653869779432,,,0.0
2.0244444444444443,,,,68.44730243318573,,,0.0
2.0441666666666665,,,,67.78892482772368,,,0.0
2.063888888888889,,,,67.93061524456276,,,0.0
2.0836111111111113,,,,66.24505065778777,,,0.0
2.1033333333333335,,,,65.23325742698476,,,0.0
2.1180555555555554,1.3538526578331807,1.2926420501935865,0.009543085919287736,,0.02092023296371393,0.009907824652777756,0.0
2.122777777777778,,,,65.88657390777706,,,0.0
2.1425,,,,65.15455410527488,,,0.0
2.1622222222222223,,,,64.65023931470158,,,0.0
2.1661111111111113,,,,,,0.009705421874999978,0.0
2.1819444444444445,,,,63.32943736737845,,,0.0
2.2016666666666667,,,,63.5609948117365,,,0.0
2.221388888888889,,,,62.26270557540532,,,0.0
2.2408333333333332,,,,62.068450478874794,,,0.0
2.2605555555555554,,,,62.08286805285167,,,0.0
2.2802777777777776,,,,61.15672714155005,,,0.0
2.3,,,,59.3467046004142,,,0.0
2.319722222222222,,,,59.49285679879075,,,0.0
2.3394444444444447,,,,59.679225884803806,,,0.0
2.358888888888889,,,,56.34953397538918,,,0.0
2.3777777777777778,,,,,,0.00980983854166665,0.0
2.3786111111111112,,,,58.23387665631222,,,0.0
2.3983333333333334,,,,56.63796264372504,,,0.0
2.4180555555555556,,,,54.50051977069106,,,0.0
2.4297222222222223,,,,,,0.009607241319444428,0.0
2.4375,,,,54.08645567237836,,,0.0
2.457222222222222,,,,54.83995893205223,,,0.0
2.4769444444444444,,,,54.60906216136147,,,0.0
2.4966666666666666,,,,53.40301483891884,,,0.0
2.516388888888889,,,,53.578823520381206,,,0.0
2.536111111111111,,,,54.25017983776208,,,0.0
2.555833333333333,,,,54.33232572277645,,,0.0
2.575277777777778,,,,54.956002460185445,,,0.0
2.595,,,,58.43401670595407,,,0.0
2.5952777777777776,,,,,,0.009713963541666652,0.0
2.6147222222222224,,,,61.31809539150207,,,0.0
2.6344444444444446,,,,65.23214012359301,,,0.0
2.654166666666667,,,,71.58995994072164,,,0.0
2.673611111111111,,,,80.08937813255051,,,0.0
2.6933333333333334,,,,85.67299777460015,,,0.0
2.7130555555555556,,,,91.44745847383233,,,0.0
2.7327777777777778,,,,95.00259901878428,,,0.0
2.7525,,,,99.50547613007711,,,0.0
2.7719444444444443,,,,99.25233382376828,,,0.0
2.7816666666666667,,,,,,0.009819644097222247,0.0
2.7916666666666665,,,,100.0,,,0.0
2.8113888888888887,,,,100.0,,,0.0
2.831111111111111,,,,100.0,,,0.0
2.8508333333333336,,,,100.0,,,0.0
2.870277777777778,,,,100.0,,,0.0
2.89,,,,100.0,,,0.0
2.9097222222222223,,,,100.0,,,0.0
2.9294444444444445,,,,100.0,,,0.0
2.9491666666666667,,,,100.0,,,0.0
2.968888888888889,,,,100.0,,,0.0
2.988611111111111,,,,100.0,,,0.0
3.0080555555555555,,,,100.0,,,0.0
3.0277777777777777,,,,100.0,,,0.0
3.0475,,,,100.0,,,0.0
3.067222222222222,,,,100.0,,,0.0
3.0869444444444443,,,,100.0,,,0.0
3.106388888888889,,,,100.0,,,0.0
3.1261111111111113,,,,100.0,,,0.0
3.1458333333333335,,,,100.0,,,0.0
3.1655555555555557,,,,100.0,,,0.0
3.185277777777778,,,,100.0,,,0.0
3.205,,,,100.0,,,0.0
3.2244444444444444,,,,100.0,,,0.0
3.2441666666666666,,,,100.0,,,0.0
3.263888888888889,,,,100.0,,,0.0
3.283611111111111,,,,100.0,,,0.0
3.3033333333333332,,,,100.0,,,0.0
3.3230555555555554,,,,100.0,,,0.0
3.3425,,,,100.0,,,0.0
3.362222222222222,,,,100.0,,,0.0
3.3819444444444446,,,,100.0,,,0.0
3.3955555555555557,,,,,,0.009813165847222248,0.0
3.401666666666667,,,,100.0,,,0.0
3.421388888888889,,,,100.0,,,0.0
3.4408333333333334,,,,100.0,,,0.0
3.4605555555555556,,,,100.0,,,0.0
3.480277777777778,,,,100.0,,,0.0
3.5,,,,100.0,,,0.0
3.519722222222222,,,,100.0,,,0.0
3.5394444444444444,,,,100.0,,,0.0
3.5588888888888888,,,,100.0,,,0.0
3.578611111111111,,,,100.0,,,0.0
3.598333333333333,,,,100.0,,,0.0
3.6180555555555554,,,,100.0,,,0.0
3.6375,,,,100.0,,,0.0
3.6572222222222224,,,,100.0,,,0.0
3.6769444444444446,,,,100.0,,,0.0
3.6966666666666668,,,,100.0,,,0.0
3.716388888888889,,,,100.0,,,0.0
3.7358333333333333,,,,100.0,,,0.0
3.7555555555555555,,,,100.0,,,0.0
3.7752777777777777,,,,100.0,,,0.0
3.794722222222222,,,,100.0,,,0.0
3.8144444444444443,,,,100.0,,,0.0
3.8341666666666665,,,,100.0,,,0.0
3.8538888888888887,,,,100.0,,,0.0
3.8733333333333335,,,,100.0,,,0.0
3.8930555555555557,,,,100.0,,,0.0
3.912777777777778,,,,100.0,,,0.0
3.9325,,,,100.0,,,0.0
3.9522222222222223,,,,100.0,,,0.0
3.953888888888889,,,,,,0.00979463097222225,0.0
3.9541666666666666,2.019349281485125,0.03256432460367166,0.0013013761832059878,,0.02552414835379291,,0.0
3.9716666666666667,,,,100.0,,,0.0
3.991388888888889,,,,100.0,,,0.0
4.003333333333333,,,,,,0.009592158750000029,0.0
4.011111111111111,,,,100.0,,,0.0
4.030833333333334,,,,100.0,,,0.0
4.0505555555555555,,,,100.0,,,0.0
4.07,,,,100.0,,,0.0
4.089722222222222,,,,100.0,,,0.0
4.109444444444445,,,,100.0,,,0.0
4.129166666666666,,,,100.0,,,0.0
4.148888888888889,,,,100.0,,,0.0
4.168333333333333,,,,100.0,,,0.0
4.188055555555556,,,,100.0,,,0.0
4.207777777777777,,,,100.0,,,0.0
4.2275,,,,100.0,,,0.0
4.229166666666667,,,,,,0.009695867083333365,0.0
4.247222222222222,,,,100.0,,,0.0
4.266666666666667,,,,100.0,,,0.0
4.279722222222222,,,,,,0.009493339305555586,0.0
4.286388888888889,,,,100.0,,,0.0
4.306111111111111,,,,100.0,,,0.0
4.325833333333334,,,,100.0,,,0.0
4.345555555555555,,,,100.0,,,0.0
4.365277777777778,,,,100.0,,,0.0
4.385,,,,100.0,,,0.0
4.404444444444445,,,,100.0,,,0.0
4.424166666666666,,,,100.0,,,0.0
4.443888888888889,,,,100.0,,,0.0
4.463611111111111,,,,100.0,,,0.0
4.483333333333333,,,,100.0,,,0.0
4.503055555555555,,,,100.0,,,0.0
4.522777777777778,,,,100.0,,,0.0
4.542222222222223,,,,100.0,,,0.0
4.561944444444444,,,,100.0,,,0.0
4.581666666666667,,,,100.0,,,0.0
4.601388888888889,,,,100.0,,,0.0
4.621111111111111,,,,100.0,,,0.0
4.623055555555555,,,,,,0.009591172638888923,0.0
4.640833333333333,,,,100.0,,,0.0
4.660555555555556,,,,100.0,,,0.0
4.68,,,,100.0,,,0.0
4.699722222222222,,,,100.0,,,0.0
4.719444444444444,,,,100.0,,,0.0
4.739166666666667,,,,100.0,,,0.0
4.7588888888888885,,,,100.0,,,0.0
4.778333333333333,,,,100.0,,,0.0
4.798055555555556,,,,100.0,,,0.0
4.817777777777778,,,,100.0,,,0.0
4.8375,,,,100.0,,,0.0
4.857222222222222,,,,100.0,,,0.0
4.876666666666667,,,,100.0,,,0.0
4.896388888888889,,,,100.0,,,0.0
4.916111111111111,,,,100.0,,,0.0
4.935833333333333,,,,100.0,,,0.0
4.955277777777778,,,,100.0,,,0.0
4.975,,,,100.0,,,0.0
4.994722222222222,,,,100.0,,,0.0
5.014444444444444,,,,100.0,,,0.0
5.034166666666667,,,,100.0,,,0.0
5.0536111111111115,,,,100.0,,,0.0
5.073333333333333,,,,100.0,,,0.0
5.093055555555556,,,,100.0,,,0.0
5.112777777777778,,,,100.0,,,0.0
5.1325,,,,100.0,,,0.0
5.152222222222222,,,,100.0,,,0.0
5.171666666666667,,,,100.0,,,0.0
5.191388888888889,,,,100.0,,,0.0
5.211111111111111,,,,100.0,,,0.0
5.230833333333333,,,,100.0,,,0.0
5.250555555555556,,,,100.0,,,0.0
5.270277777777777,,,,100.0,,,0.0
5.289722222222222,,,,100.0,,,0.0
5.309444444444445,,,,100.0,,,0.0
5.329166666666667,,,,100.0,,,0.0
5.348888888888889,,,,100.0,,,0.0
5.368333333333333,,,,100.0,,,0.0
5.388055555555556,,,,100.0,,,0.0
5.407777777777778,,,,100.0,,,0.0
5.4275,,,,100.0,,,0.0
5.447222222222222,,,,100.0,,,0.0
5.466944444444445,,,,100.0,,,0.0
5.486666666666666,,,,100.0,,,0.0
5.506111111111111,,,,100.0,,,0.0
5.525833333333333,,,,100.0,,,0.0
5.545555555555556,,,,100.0,,,0.0
5.565277777777778,,,,100.0,,,0.0
5.585,,,,100.0,,,0.0
5.604444444444445,,,,100.0,,,0.0
5.6241666666666665,,,,100.0,,,0.0
5.643888888888889,,,,100.0,,,0.0
5.663611111111111,,,,100.0,,,0.0
5.683333333333334,,,,100.0,,,0.0
5.7027777777777775,,,,100.0,,,0.0
5.7225,,,,100.0,,,0.0
5.742222222222222,,,,100.0,,,0.0
5.7619444444444445,,,,100.0,,,0.0
5.7813888888888885,,,,100.0,,,0.0
5.801111111111111,,,,100.0,,,0.0
5.803888888888889,,,,,,0.009629640361111146,0.0
5.804166666666666,2.0210084206902272,0.053872813816378394,0.00162460345720485,,0.01411313611830511,,0.0
5.820833333333334,,,,100.0,,,0.0
5.8405555555555555,,,,100.0,,,0.0
5.860277777777778,,,,100.0,,,0.0
5.8625,,,,,,0.009426709805555593,0.0
5.88,,,,100.0,,,0.0
5.899444444444445,,,,100.0,,,0.0
5.9191666666666665,,,,100.0,,,0.0
5.938888888888889,,,,100.0,,,0.0
5.958611111111111,,,,100.0,,,0.0
5.978055555555556,,,,100.0,,,0.0
5.997777777777777,,,,100.0,,,0.0
6.0175,,,,100.0,,,0.0
6.037222222222222,,,,100.0,,,0.0
6.0569444444444445,,,,100.0,,,0.0
6.076666666666667,,,,100.0,,,0.0
6.077222222222222,,,,,,0.009473844583333365,0.0
6.096388888888889,,,,100.0,,,0.0
6.115833333333334,,,,100.0,,,0.0
6.128055555555555,,,,,,0.009271302916666698,0.0
6.135555555555555,,,,100.0,,,0.0
6.155277777777778,,,,100.0,,,0.0
6.175,,,,100.0,,,0.0
6.1947222222222225,,,,100.0,,,0.0
6.214166666666666,,,,100.0,,,0.0
6.233888888888889,,,,100.0,,,0.0
6.253611111111111,,,,100.0,,,0.0
6.273333333333333,,,,100.0,,,0.0
6.293055555555555,,,,100.0,,,0.0
6.312777777777778,,,,100.0,,,0.0
6.3325,,,,100.0,,,0.0
6.351944444444444,,,,100.0,,,0.0
6.371666666666667,,,,100.0,,,0.0
6.391388888888889,,,,100.0,,,0.0
6.411111111111111,,,,100.0,,,0.0
6.430833333333333,,,,100.0,,,0.0
6.450555555555556,,,,100.0,,,0.0
6.470277777777778,,,,100.0,,,0.0
6.489722222222222,,,,100.0,,,0.0
6.509444444444444,,,,100.0,,,0.0
6.529166666666667,,,,100.0,,,0.0
6.5488888888888885,,,,100.0,,,0.0
6.568611111111111,,,,100.0,,,0.0
6.588333333333333,,,,100.0,,,0.0
6.607777777777778,,,,100.0,,,0.0
6.6275,,,,100.0,,,0.0
6.647222222222222,,,,100.0,,,0.0
6.666944444444445,,,,100.0,,,0.0
6.6866666666666665,,,,100.0,,,0.0
6.706111111111111,,,,100.0,,,0.0
6.725833333333333,,,,100.0,,,0.0
6.745555555555556,,,,100.0,,,0.0
6.7652777777777775,,,,100.0,,,0.0
6.784722222222222,,,,100.0,,,0.0
6.804444444444444,,,,100.0,,,0.0
6.824166666666667,,,,100.0,,,0.0
6.8438888888888885,,,,100.0,,,0.0
6.863611111111111,,,,100.0,,,0.0
6.883055555555556,,,,100.0,,,0.0
6.902777777777778,,,,100.0,,,0.0
6.9225,,,,100.0,,,0.0
6.942222222222222,,,,100.0,,,0.0
6.961944444444445,,,,100.0,,,0.0
6.9816666666666665,,,,100.0,,,0.0
7.001388888888889,,,,100.0,,,0.0
7.020833333333333,,,,100.0,,,0.0
7.040555555555556,,,,100.0,,,0.0
7.060277777777777,,,,100.0,,,0.0
7.08,,,,100.0,,,0.0
7.099722222222222,,,,100.0,,,0.0
7.1194444444444445,,,,100.0,,,0.0
7.138888888888889,,,,100.0,,,0.0
7.158611111111111,,,,100.0,,,0.0
7.178333333333334,,,,100.0,,,0.0
7.198055555555555,,,,100.0,,,0.0
7.217777777777778,,,,100.0,,,0.0
7.237222222222222,,,,100.0,,,0.0
7.256944444444445,,,,100.0,,,0.0
7.276666666666666,,,,100.0,,,0.0
7.296388888888889,,,,100.0,,,0.0
7.316111111111111,,,,100.0,,,0.0
7.335555555555556,,,,100.0,,,0.0
7.355277777777777,,,,100.0,,,0.0
7.375,,,,100.0,,,0.0
7.394722222222223,,,,100.0,,,0.0
7.414444444444444,,,,100.0,,,0.0
7.434166666666667,,,,100.0,,,0.0
7.453611111111111,,,,100.0,,,0.0
7.473333333333334,,,,100.0,,,0.0
7.493055555555555,,,,100.0,,,0.0
7.512777777777778,,,,100.0,,,0.0
7.5325,,,,100.0,,,0.0
7.552222222222222,,,,100.0,,,0.0
7.571666666666666,,,,100.0,,,0.0
7.591388888888889,,,,100.0,,,0.0
7.611111111111111,,,,100.0,,,0.0
7.630833333333333,,,,100.0,,,0.0
7.650555555555556,,,,100.0,,,0.0
7.664166666666667,2.003354354020125,0.027935815659831015,0.0021232170575301193,,0.01840846624075436,0.009309497361111144,0.0
7.670277777777778,,,,100.0,,,0.0
7.69,,,,100.0,,,0.0
7.709444444444444,,,,100.0,,,0.0
7.729166666666667,,,,100.0,,,0.0
7.748888888888889,,,,100.0,,,0.0
7.768611111111111,,,,100.0,,,0.0
7.788333333333333,,,,100.0,,,0.0
7.808055555555556,,,,100.0,,,0.0
7.8275,,,,100.0,,,0.0
7.847222222222222,,,,100.0,,,0.0
7.866944444444444,,,,100.0,,,0.0
7.886666666666667,,,,100.0,,,0.0
7.9063888888888885,,,,100.0,,,0.0
7.926111111111111,,,,100.0,,,0.0
7.942777777777778,,,,,,0.00909556680555559,0.0
7.945555555555556,,,,100.0,,,0.0
7.965277777777778,,,,100.0,,,0.0
7.985,,,,100.0,,,0.0
7.993611111111111,,,,,,0.008893025138888925,0.0
8.004722222222222,,,,100.0,,,0.0
8.024444444444445,,,,100.0,,,0.0
8.043888888888889,,,,100.0,,,0.0
8.063611111111111,,,,100.0,,,0.0
8.083333333333334,,,,100.0,,,0.0
8.103055555555555,,,,100.0,,,0.0
8.122777777777777,,,,100.0,,,0.0
8.1425,,,,100.0,,,0.0
8.162222222222223,,,,100.0,,,0.0
8.166666666666666,,,,,,,4.555278118035073e-06
8.333333333333332,,,,,,,7.873734724837398e-06
8.499999999999998,,,,,,,1.2036035734759801e-05
8.666666666666664,,,,,,,1.6752145389907258e-05
8.83333333333333,,,,,,,1.6752145618568657e-05
8.999999999999996,,,,,,,1.6752145823930396e-05
9.166666666666663,,,,,,,1.6752146023035414e-05
9.333333333333329,,,,,,,1.675214621648676e-05
9.499999999999995,,,,,,,1.675214641073941e-05
9.66666666666666,,,,,,,1.675214660977273e-05
9.833333333333327,,,,,,,1.6752146815636805e-05
9.999999999999993,,,,,,,1.6752147028742586e-05
10.166666666666659,,,,,,,1.6752147247980686e-05
10.333333333333325,,,,,,,1.67521474569281e-05
10.499999999999991,,,,,,,1.6752147654399397e-05
10.666666666666657,,,,,,,1.6752147838064854e-05
10.833333333333323,,,,,,,1.675214800463601e-05
10.99999999999999,,,,,,,1.6752148150129143e-05
11.166666666666655,,,,,,,1.675214827379389e-05
11.333333333333321,,,,,,,1.675214837167664e-05
11.499999999999988,,,,,,,1.675214843982841e-05
11.666666666666654,,,,,,,1.6752148473622267e-05
11.83333333333332,,,,,,,1.6752148467879868e-05
11.999999999999986,,,,,,,1.6752148439278852e-05
