,Biomass,Substrate,Acetate,DOTm,Product,Volume,Feed
0.0,,,,,,0.01,0.0
0.175,,,,95.84006243021591,,,0.0
0.1947222222222222,,,,94.43652565574726,,,0.0
0.21444444444444444,,,,95.58865439859474,,,0.0
0.2338888888888889,,,,95.2320216998816,,,0.0
0.2536111111111111,,,,96.0978354257827,,,0.0
0.2733333333333333,,,,95.74948654675921,,,0.0
0.29305555555555557,,,,94.3356347887847,,,0.0
0.30194444444444446,,,,,,0.00998490277777777,0.0
0.3022222222222222,0.2940150118778837,3.0195568578441403,0.003355108795714891,,0.004771144197763887,,0.0
0.31277777777777777,,,,93.5091138073555,,,0.0
0.3322222222222222,,,,95.09442735705323,,,0.0
0.3461111111111111,,,,,,0.009782694444444436,0.0
0.35194444444444445,,,,93.28853497243556,,,0.0
0.37166666666666665,,,,93.52101406028936,,,0.0
0.3913888888888889,,,,95.22652765822869,,,0.0
0.4111111111111111,,,,93.29080521412759,,,0.0
0.43083333333333335,,,,95.47242650582866,,,0.0
0.4502777777777778,,,,94.24214432541935,,,0.0
0.47,,,,94.55663097136942,,,0.0
0.4897222222222222,,,,94.50414532271702,,,0.0
0.5094444444444445,,,,93.97395700427474,,,0.0
0.5291666666666667,,,,93.24172739860327,,,0.0
0.5488888888888889,,,,92.096436589639,,,0.0
0.5686111111111111,,,,92.77058693101006,,,0.0
0.5708333333333333,,,,,,0.009886458333333318,0.0
0.5883333333333334,,,,93.09463337605635,,,0.0
0.6077777777777778,,,,94.09214706876517,,,0.0
0.6169444444444444,,,,,,0.009684152777777765,0.0
0.6275,,,,92.95090878627033,,,0.0
0.6472222222222223,,,,92.67149543904601,,,0.0
0.6669444444444445,,,,92.92831060672628,,,0.0
0.6866666666666666,,,,91.9047212523959,,,0.0
0.7063888888888888,,,,91.62367135008571,,,0.0
0.7258333333333333,,,,92.02260246125418,,,0.0
0.7455555555555555,,,,90.11589252099013,,,0.0
0.7652777777777777,,,,89.91263402028241,,,0.0
0.7813888888888889,,,,,,0.009790930555555542,0.0
0.785,,,,91.71061501876385,,,0.0
0.8047222222222222,,,,92.00933774007264,,,0.0
0.8244444444444444,,,,91.41751548736231,,,0.0
0.8438888888888889,,,,90.1281499716215,,,0.0
0.8636111111111111,,,,91.17217143638598,,,0.0
0.8833333333333333,,,,90.09250585903176,,,0.0
0.9030555555555555,,,,90.68206449744565,,,0.0
0.9227777777777778,,,,90.18128323724467,,,0.0
0.9425,,,,90.22328537986,,,0.0
0.9591666666666666,,,,,,0.009897041666666651,0.0
0.9619444444444445,,,,90.6544737918145,,,0.0
0.9816666666666667,,,,88.30470549318169,,,0.0
1.0013888888888889,,,,89.88491113539372,,,0.0
1.021111111111111,,,,89.8117140905644,,,0.0
1.0408333333333333,,,,89.46327009030252,,,0.0
1.0605555555555555,,,,86.8460096991452,,,0.0
1.0802777777777777,,,,86.60819653804069,,,0.0
1.0997222222222223,,,,87.26477227936488,,,0.0
1.1194444444444445,,,,87.4358971421672,,,0.0
1.1391666666666667,,,,88.18864970394947,,,0.0
1.1588888888888889,,,,87.90122659644858,,,0.0
1.178611111111111,,,,85.02342053422824,,,0.0
1.1983333333333333,,,,86.93863201932777,,,0.0
1.2180555555555554,,,,84.283068304084,,,0.0
1.2375,,,,86.88611769643593,,,0.0
1.2572222222222222,,,,85.6143666016124,,,0.0
1.2769444444444444,,,,85.38330658806412,,,0.0
1.2966666666666666,,,,83.70345489729581,,,0.0
1.3163888888888888,,,,84.86027020537752,,,0.0
1.336111111111111,,,,83.39846179174496,,,0.0
1.3555555555555556,,,,82.6735837585271,,,0.0
1.3752777777777778,,,,83.57376998020631,,,0.0
1.3866666666666667,,,,,,0.00992523818055554,0.0
1.395,,,,83.91414801167159,,,0.0
1.4144444444444444,,,,81.57230305654991,,,0.0
1.4341666666666666,,,,81.42406149132309,,,0.0
1.4538888888888888,,,,80.2674780656199,,,0.0
1.4736111111111112,,,,81.02001280356052,,,0.0
1.4933333333333334,,,,79.97635500038466,,,0.0
1.5130555555555556,,,,79.9070182733054,,,0.0
1.5325,,,,80.86075948987607,,,0.0
1.5522222222222222,,,,78.99871500599998,,,0.0
1.5719444444444444,,,,80.21855659031571,,,0.0
1.5916666666666666,,,,78.94183648692133,,,0.0
1.611388888888889,,,,78.0557686125603,,,0.0
1.6311111111111112,,,,79.01569524285716,,,0.0
1.6505555555555556,,,,77.7668845666366,,,0.0
1.6702777777777778,,,,75.87549560104178,,,0.0
1.69,,,,77.10643345029115,,,0.0
1.7097222222222221,,,,76.67483057910586,,,0.0
1.7294444444444443,,,,76.48495993516792,,,0.0
1.7491666666666668,,,,75.04510418373287,,,0.0
1.768888888888889,,,,75.16131200010723,,,0.0
1.7883333333333333,,,,73.5702529113403,,,0.0
1.8080555555555555,,,,73.39483379735317,,,0.0
1.8277777777777777,,,,74.24620963227751,,,0.0
1.8475,,,,74.14304246518273,,,0.0
1.8672222222222221,,,,71.72239502269991,,,0.0
1.8869444444444445,,,,71.04062515504835,,,0.0
1.906388888888889,,,,70.81046292875209,,,0.0
1.926111111111111,,,,70.4858828075704,,,0.0
1.9458333333333333,,,,69.19102866003237,,,0.0
1.9655555555555555,,,,68.28558719449195,,,0.0
1.985,,,,69.98390009555006,,,0.0
1.9858333333333333,,,,,,0.009907713833333325,0.0
2.004722222222222,,,,68.64860311683114,,,0.0
2.0244444444444443,,,,68.00714444123287,,,0.0
2.0441666666666665,,,,65.91329355297921,,,0.0
2.063888888888889,,,,67.01697719214133,,,0.0
2.0836111111111113,,,,65.67459065581362,,,0.0
2.1033333333333335,,,,66.22394509695889,,,0.0
2.1180555555555554,1.4154215525316942,1.2101352129122767,0.007308654060765196,,0.027419019240120326,0.009909824652777776,0.0
2.122777777777778,,,,64.51030045561674,,,0.0
2.1425,,,,65.24660571964826,,,0.0
2.1622222222222223,,,,62.488488617175875,,,0.0
2.1661111111111113,,,,,,0.009707421874999995,0.0
2.1819444444444445,,,,63.23586172738189,,,0.0
2.2016666666666667,,,,63.01800330647846,,,0.0
2.221388888888889,,,,62.824579377624616,,,0.0
2.2408333333333332,,,,61.85628424137658,,,0.0
2.2605555555555554,,,,62.156937606915456,,,0.0
2.2802777777777776,,,,60.61133622921588,,,0.0
2.3,,,,58.59076629971018,,,0.0
2.319722222222222,,,,57.82197724066672,,,0.0
2.3394444444444447,,,,58.16598326604601,,,0.0
2.358888888888889,,,,56.86542935344303,,,0.0
2.3777777777777778,,,,,,0.009811838541666684,0.0
2.3786111111111112,,,,56.080646909286564,,,0.0
2.3983333333333334,,,,57.703864928694514,,,0.0
2.4180555555555556,,,,56.3551506403504,,,0.0
2.4297222222222223,,,,,,0.009609241319444463,0.0
2.4375,,,,56.16994170396165,,,0.0
2.457222222222222,,,,56.56979304383396,,,0.0
2.4769444444444444,,,,53.884014896221466,,,0.0
2.4966666666666666,,,,55.9137117792355,,,0.0
2.516388888888889,,,,54.94241595439316,,,0.0
2.536111111111111,,,,55.193287524751696,,,0.0
2.555833333333333,,,,55.7183943441492,,,0.0
2.575277777777778,,,,56.27925792852162,,,0.0
2.595,,,,58.77565059303655,,,0.0
2.5952777777777776,,,,,,0.009715963541666704,0.0
2.6147222222222224,,,,61.46110804538585,,,0.0
2.6344444444444446,,,,63.90833144115643,,,0.0
2.654166666666667,,,,70.29369717161453,,,0.0
2.673611111111111,,,,79.97650338605433,,,0.0
2.6933333333333334,,,,86.47107660677244,,,0.0
2.7130555555555556,,,,92.93142358444094,,,0.0
2.7327777777777778,,,,96.96708518338852,,,0.0
2.7525,,,,97.81346878788496,,,0.0
2.7719444444444443,,,,99.04112785354245,,,0.0
2.7816666666666667,,,,,,0.009821644097222231,0.0
2.7916666666666665,,,,100.0,,,0.0
2.8113888888888887,,,,99.99807063869082,,,0.0
2.831111111111111,,,,100.0,,,0.0
2.8508333333333336,,,,100.0,,,0.0
2.870277777777778,,,,100.0,,,0.0
2.89,,,,100.0,,,0.0
2.9097222222222223,,,,100.0,,,0.0
2.9294444444444445,,,,100.0,,,0.0
2.9491666666666667,,,,100.0,,,0.0
2.968888888888889,,,,100.0,,,0.0
2.988611111111111,,,,100.0,,,0.0
3.0080555555555555,,,,100.0,,,0.0
3.0277777777777777,,,,100.0,,,0.0
3.0475,,,,100.0,,,0.0
3.067222222222222,,,,100.0,,,0.0
3.0869444444444443,,,,100.0,,,0.0
3.106388888888889,,,,100.0,,,0.0
3.1261111111111113,,,,100.0,,,0.0
3.1458333333333335,,,,100.0,,,0.0
3.1655555555555557,,,,100.0,,,0.0
3.185277777777778,,,,100.0,,,0.0
3.205,,,,100.0,,,0.0
3.2244444444444444,,,,100.0,,,0.0
3.2441666666666666,,,,100.0,,,0.0
3.263888888888889,,,,100.0,,,0.0
3.283611111111111,,,,100.0,,,0.0
3.3033333333333332,,,,100.0,,,0.0
3.3230555555555554,,,,100.0,,,0.0
3.3425,,,,100.0,,,0.0
3.362222222222222,,,,100.0,,,0.0
3.3819444444444446,,,,100.0,,,0.0
3.3955555555555557,,,,,,0.009816165847222237,0.0
3.401666666666667,,,,100.0,,,0.0
3.421388888888889,,,,100.0,,,0.0
3.4408333333333334,,,,100.0,,,0.0
3.4605555555555556,,,,100.0,,,0.0
3.480277777777778,,,,100.0,,,0.0
3.5,,,,100.0,,,0.0
3.519722222222222,,,,100.0,,,0.0
3.5394444444444444,,,,100.0,,,0.0
3.5588888888888888,,,,100.0,,,0.0
3.578611111111111,,,,100.0,,,0.0
3.598333333333333,,,,100.0,,,0.0
3.6180555555555554,,,,100.0,,,0.0
3.6375,,,,100.0,,,0.0
3.6572222222222224,,,,100.0,,,0.0
3.6769444444444446,,,,100.0,,,0.0
3.6966666666666668,,,,100.0,,,0.0
3.716388888888889,,,,100.0,,,0.0
3.7358333333333333,,,,100.0,,,0.0
3.7555555555555555,,,,100.0,,,0.0
3.7752777777777777,,,,100.0,,,0.0
3.794722222222222,,,,100.0,,,0.0
3.8144444444444443,,,,100.0,,,0.0
3.8341666666666665,,,,100.0,,,0.0
3.8538888888888887,,,,100.0,,,0.0
3.8733333333333335,,,,100.0,,,0.0
3.8930555555555557,,,,100.0,,,0.0
3.912777777777778,,,,100.0,,,0.0
3.9325,,,,100.0,,,0.0
3.9522222222222223,,,,100.0,,,0.0
3.953888888888889,,,,,,0.009796630972222237,0.0
3.9541666666666666,2.010384856948465,0.07967101340112323,0.002868419271156282,,0.00359595744250775,,0.0
3.9716666666666667,,,,100.0,,,0.0
3.991388888888889,,,,100.0,,,0.0
4.003333333333333,,,,,,0.009594158750000017,0.0
4.011111111111111,,,,100.0,,,0.0
4.030833333333334,,,,100.0,,,0.0
4.0505555555555555,,,,100.0,,,0.0
4.07,,,,100.0,,,0.0
4.089722222222222,,,,100.0,,,0.0
4.109444444444445,,,,100.0,,,0.0
4.129166666666666,,,,100.0,,,0.0
4.148888888888889,,,,100.0,,,0.0
4.168333333333333,,,,100.0,,,0.0
4.188055555555556,,,,100.0,,,0.0
4.207777777777777,,,,100.0,,,0.0
4.2275,,,,100.0,,,0.0
4.229166666666667,,,,,,0.009697867083333353,0.0
4.247222222222222,,,,100.0,,,0.0
4.266666666666667,,,,100.0,,,0.0
4.279722222222222,,,,,,0.009495339305555574,0.0
4.286388888888889,,,,100.0,,,0.0
4.306111111111111,,,,100.0,,,0.0
4.325833333333334,,,,100.0,,,0.0
4.345555555555555,,,,100.0,,,0.0
4.365277777777778,,,,100.0,,,0.0
4.385,,,,100.0,,,0.0
4.404444444444445,,,,100.0,,,0.0
4.424166666666666,,,,100.0,,,0.0
4.443888888888889,,,,100.0,,,0.0
4.463611111111111,,,,100.0,,,0.0
4.483333333333333,,,,100.0,,,0.0
4.503055555555555,,,,100.0,,,0.0
4.522777777777778,,,,100.0,,,0.0
4.542222222222223,,,,100.0,,,0.0
4.561944444444444,,,,100.0,,,0.0
4.581666666666667,,,,100.0,,,0.0
4.601388888888889,,,,100.0,,,0.0
4.621111111111111,,,,100.0,,,0.0
4.623055555555555,,,,,,0.009593172638888911,0.0
4.640833333333333,,,,100.0,,,0.0
4.660555555555556,,,,100.0,,,0.0
4.68,,,,100.0,,,0.0
4.699722222222222,,,,100.0,,,0.0
4.719444444444444,,,,100.0,,,0.0
4.739166666666667,,,,100.0,,,0.0
4.7588888888888885,,,,100.0,,,0.0
4.778333333333333,,,,100.0,,,0.0
4.798055555555556,,,,100.0,,,0.0
4.817777777777778,,,,100.0,,,0.0
4.8375,,,,100.0,,,0.0
4.857222222222222,,,,100.0,,,0.0
4.876666666666667,,,,100.0,,,0.0
4.896388888888889,,,,100.0,,,0.0
4.916111111111111,,,,100.0,,,0.0
4.935833333333333,,,,100.0,,,0.0
4.955277777777778,,,,100.0,,,0.0
4.975,,,,100.0,,,0.0
4.994722222222222,,,,100.0,,,0.0
5.014444444444444,,,,100.0,,,0.0
5.034166666666667,,,,100.0,,,0.0
5.0536111111111115,,,,100.0,,,0.0
5.073333333333333,,,,100.0,,,0.0
5.093055555555556,,,,100.0,,,0.0
5.112777777777778,,,,100.0,,,0.0
5.1325,,,,100.0,,,0.0
5.152222222222222,,,,100.0,,,0.0
5.171666666666667,,,,100.0,,,0.0
5.191388888888889,,,,100.0,,,0.0
5.211111111111111,,,,100.0,,,0.0
5.230833333333333,,,,100.0,,,0.0
5.250555555555556,,,,100.0,,,0.0
5.270277777777777,,,,100.0,,,0.0
5.289722222222222,,,,100.0,,,0.0
5.309444444444445,,,,100.0,,,0.0
5.329166666666667,,,,100.0,,,0.0
5.348888888888889,,,,100.0,,,0.0
5.368333333333333,,,,100.0,,,0.0
5.388055555555556,,,,100.0,,,0.0
5.407777777777778,,,,100.0,,,0.0
5.4275,,,,100.0,,,0.0
5.447222222222222,,,,100.0,,,0.0
5.466944444444445,,,,100.0,,,0.0
5.486666666666666,,,,100.0,,,0.0
5.506111111111111,,,,100.0,,,0.0
5.525833333333333,,,,100.0,,,0.0
5.545555555555556,,,,100.0,,,0.0
5.565277777777778,,,,100.0,,,0.0
5.585,,,,100.0,,,0.0
5.604444444444445,,,,100.0,,,0.0
5.6241666666666665,,,,100.0,,,0.0
5.643888888888889,,,,100.0,,,0.0
5.663611111111111,,,,100.0,,,0.0
5.683333333333334,,,,100.0,,,0.0
5.7027777777777775,,,,100.0,,,0.0
5.7225,,,,100.0,,,0.0
5.742222222222222,,,,100.0,,,0.0
5.7619444444444445,,,,100.0,,,0.0
5.7813888888888885,,,,100.0,,,0.0
5.801111111111111,,,,100.0,,,0.0
5.803888888888889,,,,,,0.009649130972222244,0.0
5.804166666666666,2.10002870607898,0.12190316136067203,0.0013748868586225982,,0.00397892898766792,,0.0
5.820833333333334,,,,100.0,,,0.0
5.8405555555555555,,,,100.0,,,0.0
5.860277777777778,,,,100.0,,,0.0
5.8625,,,,,,0.00944620041666669,0.0
5.88,,,,100.0,,,0.0
5.899444444444445,,,,100.0,,,0.0
5.9191666666666665,,,,100.0,,,0.0
5.938888888888889,,,,100.0,,,0.0
5.958611111111111,,,,100.0,,,0.0
5.978055555555556,,,,100.0,,,0.0
5.997777777777777,,,,100.0,,,0.0
6.0175,,,,100.0,,,0.0
6.037222222222222,,,,100.0,,,0.0
6.0569444444444445,,,,100.0,,,0.0
6.076666666666667,,,,100.0,,,0.0
6.077222222222222,,,,,,0.009550464305555582,0.0
6.096388888888889,,,,100.0,,,0.0
6.115833333333334,,,,100.0,,,0.0
6.128055555555555,,,,,,0.009347922638888916,0.0
6.135555555555555,,,,100.0,,,0.0
6.155277777777778,,,,100.0,,,0.0
6.175,,,,100.0,,,0.0
6.1947222222222225,,,,100.0,,,0.0
6.214166666666666,,,,100.0,,,0.0
6.233888888888889,,,,100.0,,,0.0
6.253611111111111,,,,100.0,,,0.0
6.273333333333333,,,,100.0,,,0.0
6.293055555555555,,,,100.0,,,0.0
6.3025,,,,,,0.009454200416666694,0.0
6.312777777777778,,,,100.0,,,0.0
6.3325,,,,100.0,,,0.0
6.351944444444444,,,,100.0,,,0.0
6.371666666666667,,,,100.0,,,0.0
6.391388888888889,,,,100.0,,,0.0
6.411111111111111,,,,100.0,,,0.0
6.430833333333333,,,,100.0,,,0.0
6.450555555555556,,,,100.0,,,0.0
6.470277777777778,,,,100.0,,,0.0
6.489722222222222,,,,100.0,,,0.0
6.509444444444444,,,,100.0,,,0.0
6.529166666666667,,,,100.0,,,0.0
6.5488888888888885,,,,100.0,,,0.0
6.568611111111111,,,,100.0,,,0.0
6.588333333333333,,,,100.0,,,0.0
6.607777777777778,,,,100.0,,,0.0
6.6275,,,,100.0,,,0.0
6.647222222222222,,,,100.0,,,0.0
6.666944444444445,,,,100.0,,,0.0
6.6866666666666665,,,,100.0,,,0.0
6.706111111111111,,,,100.0,,,0.0
6.725833333333333,,,,100.0,,,0.0
6.745555555555556,,,,100.0,,,0.0
6.7652777777777775,,,,100.0,,,0.0
6.784722222222222,,,,100.0,,,0.0
6.804444444444444,,,,100.0,,,0.0
6.824166666666667,,,,100.0,,,0.0
6.8438888888888885,,,,100.0,,,0.0
6.863611111111111,,,,100.0,,,0.0
6.883055555555556,,,,100.0,,,0.0
6.902777777777778,,,,100.0,,,0.0
6.9225,,,,100.0,,,0.0
6.942222222222222,,,,100.0,,,0.0
6.961944444444445,,,,100.0,,,0.0
6.9816666666666665,,,,100.0,,,0.0
7.001388888888889,,,,100.0,,,0.0
7.020833333333333,,,,100.0,,,0.0
7.040555555555556,,,,100.0,,,0.0
7.060277777777777,,,,100.0,,,0.0
7.08,,,,100.0,,,0.0
7.099722222222222,,,,100.0,,,0.0
7.1194444444444445,,,,100.0,,,0.0
7.138888888888889,,,,100.0,,,0.0
7.158611111111111,,,,100.0,,,0.0
7.178333333333334,,,,100.0,,,0.0
7.198055555555555,,,,100.0,,,0.0
7.217777777777778,,,,100.0,,,0.0
7.237222222222222,,,,100.0,,,0.0
7.256944444444445,,,,100.0,,,0.0
7.276666666666666,,,,100.0,,,0.0
7.296388888888889,,,,100.0,,,0.0
7.316111111111111,,,,100.0,,,0.0
7.335555555555556,,,,100.0,,,0.0
7.355277777777777,,,,100.0,,,0.0
7.375,,,,100.0,,,0.0
7.394722222222223,,,,100.0,,,0.0
7.414444444444444,,,,100.0,,,0.0
7.434166666666667,,,,100.0,,,0.0
7.453611111111111,,,,100.0,,,0.0
7.473333333333334,,,,100.0,,,0.0
7.493055555555555,,,,100.0,,,0.0
7.512777777777778,,,,100.0,,,0.0
7.5325,,,,100.0,,,0.0
7.552222222222222,,,,100.0,,,0.0
7.571666666666666,,,,100.0,,,0.0
7.591388888888889,,,,100.0,,,0.0
7.611111111111111,,,,100.0,,,0.0
7.630833333333333,,,,100.0,,,0.0
7.650555555555556,,,,100.0,,,0.0
7.664166666666667,1.9910856986563799,0.055944699339434606,6.45984526678991e-05,,0.0025694777471538077,0.00947082486111113,0.0
7.670277777777778,,,,100.0,,,0.0
7.69,,,,100.0,,,0.0
7.709444444444444,,,,100.0,,,0.0
7.717222222222222,,,,,,0.009268172083333352,0.0
7.729166666666667,,,,100.0,,,0.0
7.748888888888889,,,,100.0,,,0.0
7.768611111111111,,,,100.0,,,0.0
7.788333333333333,,,,100.0,,,0.0
7.808055555555556,,,,100.0,,,0.0
7.8275,,,,100.0,,,0.0
7.847222222222222,,,,100.0,,,0.0
7.866944444444444,,,,100.0,,,0.0
7.886666666666667,,,,100.0,,,0.0
7.9063888888888885,,,,100.0,,,0.0
7.926111111111111,,,,100.0,,,0.0
7.942777777777778,,,,,,0.009371894305555574,0.0
7.945555555555556,,,,100.0,,,0.0
7.965277777777778,,,,100.0,,,0.0
7.985,,,,100.0,,,0.0
7.993611111111111,,,,,,0.00916935263888891,0.0
8.004722222222222,,,,100.0,,,0.0
8.024444444444445,,,,100.0,,,0.0
8.043888888888889,,,,100.0,,,0.0
8.063611111111111,,,,100.0,,,0.0
8.083333333333334,,,,100.0,,,0.0
8.103055555555555,,,,100.0,,,0.0
8.122777777777777,,,,100.0,,,0.0
8.1425,,,,100.0,,,0.0
8.160277777777777,,,,,,0.009276019305555576,0.0
8.162222222222223,,,,100.0,,,0.0
8.166666666666666,,,,,,,3.9805038478997035e-06
8.333333333333332,,,,,,,8.980501978047984e-06
8.499999999999998,,,,,,,1.2662287719090098e-05
8.666666666666664,,,,,,,1.5682463367013626e-05
8.83333333333333,,,,,,,1.5682463367022232e-05
8.999999999999996,,,,,,,1.568246336703041e-05
9.166666666666663,,,,,,,1.5682463367038156e-05
9.333333333333329,,,,,,,1.5682463367045454e-05
9.499999999999995,,,,,,,1.5682463367052302e-05
9.66666666666666,,,,,,,1.568246336705869e-05
9.833333333333327,,,,,,,1.5682463367064607e-05
9.999999999999993,,,,,,,1.5682463367070052e-05
10.166666666666659,,,,,,,1.568246336707502e-05
10.333333333333325,,,,,,,1.5682463367079505e-05
10.499999999999991,,,,,,,1.5682463367083506e-05
10.666666666666657,,,,,,,1.568246336708702e-05
10.833333333333323,,,,,,,1.568246336709015e-05
10.99999999999999,,,,,,,1.5682463367092895e-05
11.166666666666655,,,,,,,1.5682463367095243e-05
11.333333333333321,,,,,,,1.568246336709719e-05
11.499999999999988,,,,,,,1.5682463367098733e-05
11.666666666666654,,,,,,,1.5682463367099898e-05
11.83333333333332,,,,,,,1.5682463367100677e-05
11.999999999999986,,,,,,,1.5682463367100874e-05
