,Biomass,Substrate,Acetate,DOTm,Product,Volume,Feed
0.0,,,,,,0.01,0.0
0.175,,,,94.66874370040867,,,0.0
0.1947222222222222,,,,94.27606081422438,,,0.0
0.21444444444444444,,,,92.8917821214043,,,0.0
0.2338888888888889,,,,91.82063203480377,,,0.0
0.2536111111111111,,,,92.89606271989608,,,0.0
0.2733333333333333,,,,91.35900863708639,,,0.0
0.29305555555555557,,,,93.70269058035468,,,0.0
0.30194444444444446,,,,,,0.00998490277777778,0.0
0.3022222222222222,0.43552469291222906,3.9253386747843515,0.005242738622264435,,0.02832853538385688,,0.0
0.31277777777777777,,,,91.60761329230544,,,0.0
0.3322222222222222,,,,93.5327644999546,,,0.0
0.3461111111111111,,,,,,0.009782694444444448,0.0
0.35194444444444445,,,,93.1934448332887,,,0.0
0.37166666666666665,,,,93.20073100749468,,,0.0
0.3913888888888889,,,,91.27310654124557,,,0.0
0.4111111111111111,,,,90.53893225297544,,,0.0
0.43083333333333335,,,,92.48410005741567,,,0.0
0.4502777777777778,,,,92.39059534618855,,,0.0
0.47,,,,91.89768418778199,,,0.0
0.4897222222222222,,,,89.04044385956595,,,0.0
0.5094444444444445,,,,88.8466180274925,,,0.0
0.5291666666666667,,,,89.70254131823113,,,0.0
0.5488888888888889,,,,88.78478818832778,,,0.0
0.5686111111111111,,,,88.33827957431794,,,0.0
0.5708333333333333,,,,,,0.009886458333333337,0.0
0.5883333333333334,,,,90.63180410847883,,,0.0
0.6077777777777778,,,,88.75115118058734,,,0.0
0.6169444444444444,,,,,,0.00968415277777778,0.0
0.6275,,,,88.91785925610347,,,0.0
0.6472222222222223,,,,87.50935890829477,,,0.0
0.6669444444444445,,,,87.65484245060279,,,0.0
0.6866666666666666,,,,89.18600143984054,,,0.0
0.7063888888888888,,,,87.3976714697858,,,0.0
0.7258333333333333,,,,87.28304245473495,,,0.0
0.7455555555555555,,,,87.5579691727305,,,0.0
0.7652777777777777,,,,86.22419706123732,,,0.0
0.7813888888888889,,,,,,0.009790930555555558,0.0
0.785,,,,85.35383558342845,,,0.0
0.8047222222222222,,,,87.26499175365012,,,0.0
0.8244444444444444,,,,87.0671376865551,,,0.0
0.8438888888888889,,,,86.30331670406251,,,0.0
0.8636111111111111,,,,86.97714366232528,,,0.0
0.8833333333333333,,,,84.10740414567913,,,0.0
0.9030555555555555,,,,85.8652737382103,,,0.0
0.9227777777777778,,,,83.6940925929762,,,0.0
0.9425,,,,83.0406202013948,,,0.0
0.9591666666666666,,,,,,0.009897041666666677,0.0
0.9619444444444445,,,,83.30077478795236,,,0.0
0.9816666666666667,,,,84.73237696668265,,,0.0
1.0013888888888889,,,,82.90451571610465,,,0.0
1.021111111111111,,,,82.68048148430171,,,0.0
1.0408333333333333,,,,83.9315826617296,,,0.0
1.0605555555555555,,,,82.43176966912358,,,0.0
1.0802777777777777,,,,82.43824080276823,,,0.0
1.0997222222222223,,,,81.06211737217103,,,0.0
1.1194444444444445,,,,80.43238001931057,,,0.0
1.1391666666666667,,,,79.7732637299622,,,0.0
1.1588888888888889,,,,79.05719661208546,,,0.0
1.178611111111111,,,,81.03840435523489,,,0.0
1.1983333333333333,,,,80.83839603684218,,,0.0
1.2180555555555554,,,,78.24648822856247,,,0.0
1.2375,,,,80.08370554373303,,,0.0
1.2572222222222222,,,,77.05907883487271,,,0.0
1.2769444444444444,,,,76.73456751908168,,,0.0
1.2966666666666666,,,,77.78419899912775,,,0.0
1.3163888888888888,,,,78.29164612753874,,,0.0
1.336111111111111,,,,77.49223535490113,,,0.0
1.3555555555555556,,,,76.15832048098495,,,0.0
1.3752777777777778,,,,76.66304955644067,,,0.0
1.3866666666666667,,,,,,0.009925238180555566,0.0
1.395,,,,74.25876782683648,,,0.0
1.4144444444444444,,,,74.79946272442788,,,0.0
1.4341666666666666,,,,75.39642013677884,,,0.0
1.4538888888888888,,,,74.19293189105134,,,0.0
1.4736111111111112,,,,74.66011714525477,,,0.0
1.4933333333333334,,,,71.31775777094673,,,0.0
1.5130555555555556,,,,70.66673937004376,,,0.0
1.5325,,,,72.20180652283338,,,0.0
1.5522222222222222,,,,71.95996856504135,,,0.0
1.5719444444444444,,,,71.32074637915969,,,0.0
1.5916666666666666,,,,69.55221695256719,,,0.0
1.611388888888889,,,,68.69300707275706,,,0.0
1.6311111111111112,,,,67.74940571914102,,,0.0
1.6505555555555556,,,,66.84548132347122,,,0.0
1.6702777777777778,,,,67.79345002870072,,,0.0
1.69,,,,68.1464120816327,,,0.0
1.7097222222222221,,,,65.38471674965561,,,0.0
1.7294444444444443,,,,65.1695825436556,,,0.0
1.7491666666666668,,,,65.69775492262735,,,0.0
1.768888888888889,,,,63.9470172516044,,,0.0
1.7883333333333333,,,,63.891298567127436,,,0.0
1.8080555555555555,,,,62.70634245832069,,,0.0
1.8277777777777777,,,,60.86970826541295,,,0.0
1.8475,,,,62.549306756412115,,,0.0
1.8672222222222221,,,,61.13619820479486,,,0.0
1.8869444444444445,,,,58.42867177186595,,,0.0
1.906388888888889,,,,60.32757760549972,,,0.0
1.926111111111111,,,,58.9568843427147,,,0.0
1.9458333333333333,,,,56.27906671833722,,,0.0
1.9655555555555555,,,,55.25134211891618,,,0.0
1.985,,,,55.55890714269859,,,0.0
1.9858333333333333,,,,,,0.00990771383333334,0.0
2.004722222222222,,,,54.58537188085388,,,0.0
2.0244444444444443,,,,54.633904280415464,,,0.0
2.0441666666666665,,,,51.89822115420274,,,0.0
2.063888888888889,,,,52.749241694760904,,,0.0
2.0836111111111113,,,,51.79016898503969,,,0.0
2.1033333333333335,,,,52.05191316860098,,,0.0
2.1180555555555554,1.8546827104965755,1.453443427451909,0.008419858494531205,,0.010512113757452379,0.009909824652777777,0.0
2.122777777777778,,,,50.561495987469705,,,0.0
2.1425,,,,47.70213706965108,,,0.0
2.1622222222222223,,,,48.11125540767985,,,0.0
2.1661111111111113,,,,,,0.009707421874999999,0.0
2.1819444444444445,,,,46.18178088272971,,,0.0
2.2016666666666667,,,,47.45048755121567,,,0.0
2.221388888888889,,,,45.17125562967817,,,0.0
2.2408333333333332,,,,44.615476607569576,,,0.0
2.2605555555555554,,,,43.12846650665989,,,0.0
2.2802777777777776,,,,42.268899457951385,,,0.0
2.3,,,,41.285467018291016,,,0.0
2.319722222222222,,,,40.49311458675426,,,0.0
2.3394444444444447,,,,41.453765453409794,,,0.0
2.358888888888889,,,,38.5180974580474,,,0.0
2.3777777777777778,,,,,,0.009811838541666687,0.0
2.3786111111111112,,,,38.641160329363885,,,0.0
2.3983333333333334,,,,38.44974300588885,,,0.0
2.4180555555555556,,,,36.079536629316465,,,0.0
2.4297222222222223,,,,,,0.009609241319444468,0.0
2.4375,,,,35.667831759929726,,,0.0
2.457222222222222,,,,37.39367203214549,,,0.0
2.4769444444444444,,,,38.24307142521539,,,0.0
2.4966666666666666,,,,37.527842268205085,,,0.0
2.516388888888889,,,,39.37423599051499,,,0.0
2.536111111111111,,,,40.171461447730955,,,0.0
2.555833333333333,,,,43.75582478355213,,,0.0
2.575277777777778,,,,49.35251225641181,,,0.0
2.595,,,,60.64249086420782,,,0.0
2.5952777777777776,,,,,,0.009715963541666676,0.0
2.6147222222222224,,,,77.44110835953236,,,0.0
2.6344444444444446,,,,87.97362027553393,,,0.0
2.654166666666667,,,,94.54678109583068,,,0.0
2.673611111111111,,,,99.00722123680572,,,0.0
2.6933333333333334,,,,98.93588930401285,,,0.0
2.7130555555555556,,,,100.0,,,0.0
2.7327777777777778,,,,100.0,,,0.0
2.7525,,,,100.0,,,0.0
2.7719444444444443,,,,100.0,,,0.0
2.7816666666666667,,,,,,0.009821644097222214,0.0
2.7916666666666665,,,,100.0,,,0.0
2.8113888888888887,,,,100.0,,,0.0
2.831111111111111,,,,100.0,,,0.0
2.8508333333333336,,,,100.0,,,0.0
2.870277777777778,,,,100.0,,,0.0
2.89,,,,100.0,,,0.0
2.9097222222222223,,,,100.0,,,0.0
2.9294444444444445,,,,100.0,,,0.0
2.9491666666666667,,,,100.0,,,0.0
2.968888888888889,,,,100.0,,,0.0
2.988611111111111,,,,100.0,,,0.0
3.0080555555555555,,,,100.0,,,0.0
3.0277777777777777,,,,100.0,,,0.0
3.0475,,,,100.0,,,0.0
3.067222222222222,,,,100.0,,,0.0
3.0869444444444443,,,,100.0,,,0.0
3.106388888888889,,,,100.0,,,0.0
3.1261111111111113,,,,100.0,,,0.0
3.1458333333333335,,,,100.0,,,0.0
3.1655555555555557,,,,100.0,,,0.0
3.185277777777778,,,,100.0,,,0.0
3.205,,,,100.0,,,0.0
3.2244444444444444,,,,100.0,,,0.0
3.2441666666666666,,,,100.0,,,0.0
3.263888888888889,,,,100.0,,,0.0
3.283611111111111,,,,100.0,,,0.0
3.3033333333333332,,,,100.0,,,0.0
3.3230555555555554,,,,100.0,,,0.0
3.3425,,,,100.0,,,0.0
3.362222222222222,,,,100.0,,,0.0
3.3819444444444446,,,,100.0,,,0.0
3.3955555555555557,,,,,,0.009820165847222227,0.0
3.401666666666667,,,,100.0,,,0.0
3.421388888888889,,,,100.0,,,0.0
3.4408333333333334,,,,100.0,,,0.0
3.4605555555555556,,,,100.0,,,0.0
3.480277777777778,,,,100.0,,,0.0
3.5,,,,100.0,,,0.0
3.519722222222222,,,,100.0,,,0.0
3.5394444444444444,,,,100.0,,,0.0
3.5588888888888888,,,,100.0,,,0.0
3.578611111111111,,,,100.0,,,0.0
3.598333333333333,,,,100.0,,,0.0
3.6180555555555554,,,,100.0,,,0.0
3.6375,,,,100.0,,,0.0
3.6572222222222224,,,,100.0,,,0.0
3.6769444444444446,,,,100.0,,,0.0
3.6966666666666668,,,,100.0,,,0.0
3.716388888888889,,,,100.0,,,0.0
3.7358333333333333,,,,100.0,,,0.0
3.7555555555555555,,,,100.0,,,0.0
3.7752777777777777,,,,100.0,,,0.0
3.794722222222222,,,,100.0,,,0.0
3.8144444444444443,,,,100.0,,,0.0
3.8341666666666665,,,,100.0,,,0.0
3.8538888888888887,,,,100.0,,,0.0
3.8733333333333335,,,,100.0,,,0.0
3.8930555555555557,,,,100.0,,,0.0
3.912777777777778,,,,100.0,,,0.0
3.9325,,,,100.0,,,0.0
3.9522222222222223,,,,100.0,,,0.0
3.953888888888889,,,,,,0.009798630972222229,0.0
3.9541666666666666,2.685111570233875,0.005523723670146985,0.00025176632384882574,,0.028449603799370272,,0.0
3.9716666666666667,,,,100.0,,,0.0
3.991388888888889,,,,100.0,,,0.0
4.003333333333333,,,,,,0.009596158750000009,0.0
4.011111111111111,,,,100.0,,,0.0
4.030833333333334,,,,100.0,,,0.0
4.0505555555555555,,,,100.0,,,0.0
4.07,,,,100.0,,,0.0
4.089722222222222,,,,100.0,,,0.0
4.109444444444445,,,,100.0,,,0.0
4.129166666666666,,,,100.0,,,0.0
4.148888888888889,,,,100.0,,,0.0
4.168333333333333,,,,100.0,,,0.0
4.188055555555556,,,,100.0,,,0.0
4.207777777777777,,,,100.0,,,0.0
4.2275,,,,100.0,,,0.0
4.229166666666667,,,,,,0.009699867083333345,0.0
4.247222222222222,,,,100.0,,,0.0
4.266666666666667,,,,100.0,,,0.0
4.279722222222222,,,,,,0.009497339305555566,0.0
4.286388888888889,,,,100.0,,,0.0
4.306111111111111,,,,100.0,,,0.0
4.325833333333334,,,,100.0,,,0.0
4.345555555555555,,,,100.0,,,0.0
4.365277777777778,,,,100.0,,,0.0
4.385,,,,100.0,,,0.0
4.404444444444445,,,,100.0,,,0.0
4.424166666666666,,,,100.0,,,0.0
4.443888888888889,,,,100.0,,,0.0
4.463611111111111,,,,100.0,,,0.0
4.483333333333333,,,,100.0,,,0.0
4.503055555555555,,,,100.0,,,0.0
4.522777777777778,,,,100.0,,,0.0
4.542222222222223,,,,100.0,,,0.0
4.561944444444444,,,,100.0,,,0.0
4.581666666666667,,,,100.0,,,0.0
4.601388888888889,,,,100.0,,,0.0
4.621111111111111,,,,100.0,,,0.0
4.623055555555555,,,,,,0.009595172638888903,0.0
4.640833333333333,,,,100.0,,,0.0
4.660555555555556,,,,100.0,,,0.0
4.68,,,,100.0,,,0.0
4.699722222222222,,,,100.0,,,0.0
4.719444444444444,,,,100.0,,,0.0
4.739166666666667,,,,100.0,,,0.0
4.7588888888888885,,,,100.0,,,0.0
4.778333333333333,,,,100.0,,,0.0
4.798055555555556,,,,100.0,,,0.0
4.817777777777778,,,,100.0,,,0.0
4.8375,,,,100.0,,,0.0
4.857222222222222,,,,100.0,,,0.0
4.876666666666667,,,,100.0,,,0.0
4.889722222222222,,,,,,0.00969683930555557,0.0
4.896388888888889,,,,100.0,,,0.0
4.916111111111111,,,,100.0,,,0.0
4.935833333333333,,,,100.0,,,0.0
4.955277777777778,,,,100.0,,,0.0
4.975,,,,100.0,,,0.0
4.994722222222222,,,,100.0,,,0.0
5.014444444444444,,,,100.0,,,0.0
5.034166666666667,,,,100.0,,,0.0
5.0536111111111115,,,,100.0,,,0.0
5.073333333333333,,,,100.0,,,0.0
5.093055555555556,,,,100.0,,,0.0
5.112777777777778,,,,100.0,,,0.0
5.1325,,,,100.0,,,0.0
5.152222222222222,,,,100.0,,,0.0
5.171666666666667,,,,100.0,,,0.0
5.191388888888889,,,,100.0,,,0.0
5.211111111111111,,,,100.0,,,0.0
5.230833333333333,,,,100.0,,,0.0
5.250555555555556,,,,100.0,,,0.0
5.270277777777777,,,,100.0,,,0.0
5.289722222222222,,,,100.0,,,0.0
5.309444444444445,,,,100.0,,,0.0
5.329166666666667,,,,100.0,,,0.0
5.348888888888889,,,,100.0,,,0.0
5.368333333333333,,,,100.0,,,0.0
5.388055555555556,,,,100.0,,,0.0
5.407777777777778,,,,100.0,,,0.0
5.4275,,,,100.0,,,0.0
5.447222222222222,,,,100.0,,,0.0
5.466944444444445,,,,100.0,,,0.0
5.486666666666666,,,,100.0,,,0.0
5.506111111111111,,,,100.0,,,0.0
5.525833333333333,,,,100.0,,,0.0
5.545555555555556,,,,100.0,,,0.0
5.565277777777778,,,,100.0,,,0.0
5.585,,,,100.0,,,0.0
5.604444444444445,,,,100.0,,,0.0
5.6241666666666665,,,,100.0,,,0.0
5.643888888888889,,,,100.0,,,0.0
5.663611111111111,,,,100.0,,,0.0
5.683333333333334,,,,100.0,,,0.0
5.7027777777777775,,,,100.0,,,0.0
5.7225,,,,100.0,,,0.0
5.742222222222222,,,,100.0,,,0.0
5.7619444444444445,,,,100.0,,,0.0
5.7813888888888885,,,,100.0,,,0.0
5.801111111111111,,,,100.0,,,0.0
5.803888888888889,,,,,,0.009664850180555566,0.0
5.804166666666666,2.757539790270823,0.09271043158177535,0.0012392001302089068,,0.01489787729211992,,0.0
5.820833333333334,,,,100.0,,,0.0
5.8405555555555555,,,,100.0,,,0.0
5.860277777777778,,,,100.0,,,0.0
5.8625,,,,,,0.009461919625000013,0.0
5.88,,,,100.0,,,0.0
5.899444444444445,,,,100.0,,,0.0
5.9191666666666665,,,,100.0,,,0.0
5.938888888888889,,,,100.0,,,0.0
5.958611111111111,,,,100.0,,,0.0
5.978055555555556,,,,100.0,,,0.0
5.997777777777777,,,,100.0,,,0.0
6.0175,,,,100.0,,,0.0
6.037222222222222,,,,100.0,,,0.0
6.0569444444444445,,,,100.0,,,0.0
6.076666666666667,,,,100.0,,,0.0
6.077222222222222,,,,,,0.009566183513888904,0.0
6.096388888888889,,,,100.0,,,0.0
6.115833333333334,,,,100.0,,,0.0
6.128055555555555,,,,,,0.009363641847222237,0.0
6.135555555555555,,,,100.0,,,0.0
6.155277777777778,,,,100.0,,,0.0
6.175,,,,100.0,,,0.0
6.1947222222222225,,,,100.0,,,0.0
6.214166666666666,,,,100.0,,,0.0
6.233888888888889,,,,100.0,,,0.0
6.253611111111111,,,,100.0,,,0.0
6.273333333333333,,,,100.0,,,0.0
6.293055555555555,,,,100.0,,,0.0
6.3025,,,,,,0.009469919625000016,0.0
6.312777777777778,,,,100.0,,,0.0
6.3325,,,,100.0,,,0.0
6.351944444444444,,,,100.0,,,0.0
6.371666666666667,,,,100.0,,,0.0
6.391388888888889,,,,100.0,,,0.0
6.411111111111111,,,,100.0,,,0.0
6.430833333333333,,,,100.0,,,0.0
6.450555555555556,,,,100.0,,,0.0
6.470277777777778,,,,100.0,,,0.0
6.489722222222222,,,,100.0,,,0.0
6.509444444444444,,,,100.0,,,0.0
6.529166666666667,,,,100.0,,,0.0
6.5488888888888885,,,,100.0,,,0.0
6.568611111111111,,,,100.0,,,0.0
6.588333333333333,,,,100.0,,,0.0
6.607777777777778,,,,100.0,,,0.0
6.6275,,,,100.0,,,0.0
6.647222222222222,,,,100.0,,,0.0
6.666944444444445,,,,100.0,,,0.0
6.6866666666666665,,,,100.0,,,0.0
6.706111111111111,,,,100.0,,,0.0
6.725833333333333,,,,100.0,,,0.0
6.745555555555556,,,,100.0,,,0.0
6.7652777777777775,,,,100.0,,,0.0
6.784722222222222,,,,100.0,,,0.0
6.804444444444444,,,,100.0,,,0.0
6.824166666666667,,,,100.0,,,0.0
6.8438888888888885,,,,100.0,,,0.0
6.863611111111111,,,,100.0,,,0.0
6.883055555555556,,,,100.0,,,0.0
6.902777777777778,,,,100.0,,,0.0
6.9225,,,,100.0,,,0.0
6.942222222222222,,,,100.0,,,0.0
6.961944444444445,,,,100.0,,,0.0
6.9816666666666665,,,,100.0,,,0.0
7.001388888888889,,,,100.0,,,0.0
7.020833333333333,,,,100.0,,,0.0
7.040555555555556,,,,100.0,,,0.0
7.060277777777777,,,,100.0,,,0.0
7.08,,,,100.0,,,0.0
7.099722222222222,,,,100.0,,,0.0
7.1194444444444445,,,,100.0,,,0.0
7.138888888888889,,,,100.0,,,0.0
7.158611111111111,,,,100.0,,,0.0
7.178333333333334,,,,100.0,,,0.0
7.198055555555555,,,,100.0,,,0.0
7.217777777777778,,,,100.0,,,0.0
7.237222222222222,,,,100.0,,,0.0
7.256944444444445,,,,100.0,,,0.0
7.276666666666666,,,,100.0,,,0.0
7.296388888888889,,,,100.0,,,0.0
7.316111111111111,,,,100.0,,,0.0
7.335555555555556,,,,100.0,,,0.0
7.355277777777777,,,,100.0,,,0.0
7.375,,,,100.0,,,0.0
7.394722222222223,,,,100.0,,,0.0
7.414444444444444,,,,100.0,,,0.0
7.434166666666667,,,,100.0,,,0.0
7.453611111111111,,,,100.0,,,0.0
7.473333333333334,,,,100.0,,,0.0
7.493055555555555,,,,100.0,,,0.0
7.512777777777778,,,,100.0,,,0.0
7.5325,,,,100.0,,,0.0
7.552222222222222,,,,100.0,,,0.0
7.571666666666666,,,,100.0,,,0.0
7.591388888888889,,,,100.0,,,0.0
7.611111111111111,,,,100.0,,,0.0
7.630833333333333,,,,100.0,,,0.0
7.650555555555556,,,,100.0,,,0.0
7.664166666666667,2.583758589623325,0.013776545315167242,0.0014984580676179883,,0.02340330258791957,0.009473824861111124,0.0
7.670277777777778,,,,100.0,,,0.0
7.69,,,,100.0,,,0.0
7.709444444444444,,,,100.0,,,0.0
7.717222222222222,,,,,,0.009271172083333347,0.0
7.729166666666667,,,,100.0,,,0.0
7.748888888888889,,,,100.0,,,0.0
7.768611111111111,,,,100.0,,,0.0
7.788333333333333,,,,100.0,,,0.0
7.808055555555556,,,,100.0,,,0.0
7.8275,,,,100.0,,,0.0
7.847222222222222,,,,100.0,,,0.0
7.866944444444444,,,,100.0,,,0.0
7.886666666666667,,,,100.0,,,0.0
7.9063888888888885,,,,100.0,,,0.0
7.926111111111111,,,,100.0,,,0.0
7.942777777777778,,,,,,0.009333271125000018,0.0
7.945555555555556,,,,100.0,,,0.0
7.965277777777778,,,,100.0,,,0.0
7.985,,,,100.0,,,0.0
7.993611111111111,,,,,,0.009130729458333353,0.0
8.004722222222222,,,,100.0,,,0.0
8.024444444444445,,,,100.0,,,0.0
8.043888888888889,,,,100.0,,,0.0
8.063611111111111,,,,100.0,,,0.0
8.083333333333334,,,,100.0,,,0.0
8.103055555555555,,,,100.0,,,0.0
8.122777777777777,,,,100.0,,,0.0
8.1425,,,,100.0,,,0.0
8.162222222222223,,,,100.0,,,0.0
8.166666666666666,,,,,,,2.3889055616298077e-11
8.333333333333332,,,,,,,4.580116793800527e-11
8.499999999999998,,,,,,,6.615362610090333e-11
8.666666666666664,,,,,,,8.507793653937407e-11
8.83333333333333,,,,,,,1.0267168724210469e-10
8.999999999999996,,,,,,,1.190113476257511e-10
9.166666666666663,,,,,,,1.3416010162368984e-10
9.333333333333329,,,,,,,1.48171930288552e-10
9.499999999999995,,,,,,,1.6109400437967845e-10
9.66666666666666,,,,,,,1.7296822056704782e-10
9.833333333333327,,,,,,,1.8383225292698027e-10
9.999999999999993,,,,,,,1.9372033342175782e-10
10.166666666666659,,,,,,,2.02663757812841e-10
10.333333333333325,,,,,,,2.1069134343865236e-10
10.499999999999991,,,,,,,2.178297660664523e-10
10.666666666666657,,,,,,,2.2410382920461715e-10
10.833333333333323,,,,,,,2.2953668301098813e-10
10.99999999999999,,,,,,,2.3415000264363353e-10
11.166666666666655,,,,,,,2.3796414537999445e-10
11.333333333333321,,,,,,,2.40998272218925e-10
11.499999999999988,,,,,,,2.4327045775409003e-10
11.666666666666654,,,,,,,2.4479778437727225e-10
11.83333333333332,,,,,,,2.4559642523901896e-10
11.999999999999986,,,,,,,2.4563918965758435e-10
